name: TGL_fastAPI
channels:
  - conda-forge
  - defaults
dependencies:
  - annotated-types=0.5.0=pyhd8ed1ab_0
  - anyio=3.7.1=pyhd8ed1ab_0
  - bzip2=1.0.8=h8ffe710_4
  - ca-certificates=2023.7.22=h56e8100_0
  - exceptiongroup=1.1.3=pyhd8ed1ab_0
  - fastapi=0.101.1=pyhd8ed1ab_0
  - idna=3.4=pyhd8ed1ab_0
  - libffi=3.4.2=h8ffe710_5
  - libsqlite=3.42.0=hcfcfb64_0
  - libzlib=1.2.13=hcfcfb64_5
  - openssl=3.1.2=hcfcfb64_0
  - pip=23.2.1=pyhd8ed1ab_0
  - pydantic=2.2.1=pyhd8ed1ab_0
  - pydantic-core=2.6.1=py39hf21820d_0
  - python=3.9.17=h4de0772_0_cpython
  - python_abi=3.9=3_cp39
  - setuptools=68.1.2=pyhd8ed1ab_0
  - sniffio=1.3.0=pyhd8ed1ab_0
  - starlette=0.27.0=pyhd8ed1ab_0
  - tk=8.6.12=h8ffe710_0
  - typing-extensions=4.7.1=hd8ed1ab_0
  - typing_extensions=4.7.1=pyha770c72_0
  - tzdata=2023c=h71feb2d_0
  - ucrt=10.0.22621.0=h57928b3_0
  - vc=14.3=h64f974e_17
  - vc14_runtime=14.36.32532=hfdfe4a8_17
  - vs2015_runtime=14.36.32532=h05e6639_17
  - wheel=0.41.1=pyhd8ed1ab_0
  - xz=5.2.6=h8d14728_0
prefix: C:\Users\Simon\miniconda3\envs\TGL_fastAPI
